# GIMP colorrc
# 
# This file holds a list of recently used colors.

(color-history
    (color-rgba 0.20000000298023224 0.20000000298023224 0.20000000298023224 1)
    (color-rgba 0.83999999999999997 0.63422820117185164 0.4284563758389261 1)
    (color-rgba 0.92549020051956177 0.69411766529083252 0.46274510025978088 1)
    (color-rgba 0.24705882370471954 0.15294118225574493 0.050980392843484879 1)
    (color-rgba 0.90545454545454551 0.78849440980008401 0.66845637583892625 1)
    (color-rgba 0.98545454545454547 0.85816058255350514 0.72751677852348995 1)
    (color-rgba 0.99607843137254903 0.84705882352941175 0.69411764705882351 1)
    (color-rgba 0.96363636363636362 0.92989362548743948 0.76961561928004885 1)
    (color-rgba 0.97254901960784312 0.95686274509803926 0.88235294117647056 1)
    (color-rgba 0.74901962280273438 0.56078433990478516 0.37254902720451355 1)
    (color-rgba 0.68627452850341797 0.56078433990478516 0.43529412150382996 1)
    (color-rgba 0.54545454545454541 0.41006923142283874 0.30750457596095182 1)
    (color-rgba 0.61818181818181817 0.46002400004631672 0.34020744356314825 1)
    (color-rgba 0.50196075439453125 0.37254902720451355 0.27450981736183167 1)
    (color-rgba 0.65098041296005249 0.48235294222831726 0.35686275362968445 1)
    (color-rgba 0.77454545454545454 0.57960951799877969 0.3846735814521049 1)
    (color-rgba 0.58545454545454545 0.43810860280658936 0.29076266015863328 1)
    (color-rgba 0.45454545454545459 0.34319707138499084 0.23184868822452714 1)
    (color-rgba 0.33818181818181814 0.23787021703129085 0.16795607077486269 1)
    (color-rgba 0.43529411764705883 0.30588235294117649 0.21568627450980393 1)
    (color-rgba 0.50181818181818183 0.3724456375838926 0.27616839536302623 1)
    (color-rgba 0.45490196078431372 0.31764705882352939 0.17647058823529413 1)
    (color-rgba 0.24727272727272731 0.15223917022574746 0.051446003660768777 1)
    (color-rgba 0.32941176470588235 0.20000000000000001 0.062745098039215685 1)
    (color-rgba 0.23137255012989044 0.14117647707462311 0.047058824449777603 1)
    (color-rgba 0.47636363636363632 0.3932397803538743 0.31011592434411228 1)
    (color-rgba 0.23272727272727278 0.14252593044539361 0.046857840146430768 1)
    (color-rgba 1 0.078431375324726105 0.094117648899555206 1)
    (color-rgba 0.63636363636363635 0.47834045149481386 0.32031726662599147 1)
    (color-rgba 0.19272727272727275 0.11802928589711728 0.038804148871262975 1)
    (color-rgba 0.32727272727272727 0.23149132746448184 0.16473459426479561 1)
    (color-rgba 0.50545454545454538 0.36752070077573429 0.27138499084807804 1)
    (color-rgba 0.59636363636363643 0.42890438420639765 0.31219035997559491 1)
    (color-rgba 0.30181818181818176 0.21587379063889128 0.1559731543624161 1)
    (color-rgba 0.2654545454545455 0.19196461256863945 0.14074435631482615 1)
    (color-rgba 0.74909090909090903 0.56056131787675401 0.37203172666259909 1)
    (color-rgba 0.76727272727272733 0.65291411456146053 0.53554606467358146 1)
    (color-rgba 0.48363636363636364 0.36453414683750257 0.27589993898718729 1)
    (color-rgba 0.56727272727272726 0.42539109212934717 0.31980475899938993 1)
    (color-rgba 0.69090909090909092 0.58335538774831019 0.47297132397803537 1)
    (color-rgba 0.72363636363636363 0.55122635753508231 0.3788163514338011 1)
    (color-rgba 0.86909090909090914 0.65035997559487491 0.43162904209884073 1)
    (color-rgba 0.96862745098039216 0.93333333333333335 0.82745098039215681 1)
    (color-rgba 0.89411764705882357 0.77254901960784317 0.61960784313725492 1)
    (color-rgba 0.68627452850341797 0.50980395078659058 0.37647059559822083 1)
    (color-rgba 0.42352941176470588 0.30588235294117649 0.19215686274509805 1)
    (color-rgba 0.37647058823529411 0.24705882352941178 0.14901960784313725 1)
    (color-rgba 0.73725490196078436 0.62352941176470589 0.54509803921568623 1)
    (color-rgba 1 0.97254901960784312 0.90980392156862744 1)
    (color-rgba 0.34509803921568627 0.34509803921568627 0.34509803921568627 1)
    (color-rgba 0.50181818181818183 0.11114093959731544 0.11114093959731544 1)
    (color-rgba 0.67450982332229614 0 0.098039217293262482 1)
    (color-rgba 0.86274510622024536 0 0.098039217293262482 1)
    (color-rgba 0 0 0 1)
    (color-rgba 0.78431372549019618 0 0.098039217293262482 1)
    (color-rgba 0.82181818181818178 0.099280048810250182 0.19592526977502803 1)
    (color-rgba 1 0.11764705926179886 0.23529411852359772 1)
    (color-rgba 0.76862746477127075 0.15294118225574493 0.23529411852359772 1)
    (color-rgba 0.76727272727272733 0.15448444173276393 0.23618954681638407 1)
    (color-rgba 0.52549022436141968 0.85882353782653809 0.66666668653488159 1))

# end of colorrc
